-35411
40940
47634
44756
5556
-27907
-23393
-30974
-47736
-26704
-28000
-46642
-37067
-10954
6767
-2574
28368
-41661
36331
42259
-40660
-24454
22378
24432
-38939
-19738
-15440
-18935
-12896
15739
43486
-33955
21147
-22227
28794
-43572
30155
-12597
-45406
-11222
-8486
-26639
-4436
-16821
3545
-25437
-11199
-26417
45725
-17599
46721
-45635
19894
45511
-21866
37275
-39084
45431
-40160
34480
-10203
7668
-14555
-15724
-19963
-30925
26699
-10907
32681
-8795
-40477
9470
-37337
18193
46642
21927
-2275
-36258
22331
27002
49817
-4749
-9015
-4336
33754
25444
-9976
9099
15573
4979
-46837
-20169
4539
-2382
47126
-33141
8502
30971
36872
-5834
49610
17237
-15857
-29679
-12222
49487
-19277
43970
45912
-47428
-4950
4136
3711
39594
-32668
30419
-5779
-27635
-2357
-701
47388
-39083
-11857
16953
23224
16305
43146
7497
17729
-1843
-46057
-40888
-30299
4110
-28651
38540
-39646
-37062
-11423
-24130
43215
-21098
28678
-20078
30918
17992
-30967
30160
19147
-17868
4676
12201
-7661
5054
41446
-44364
13071
1817
-40171
-31972
8685
25397
-6766
-43806
38946
43689
38969
-49156
14079
-40763
12976
-880
20309
48166
10569
-25849
-38602
25848
15882
26392
-31020
-6182
47727
-16509
-47789
-10951
28523
-45829
-39406
-21322
38197
18470
8378
25638
24670
-29063
3376
4798
-2660
-14043
-22578
-10146
-42458
8925
46426
12367
-33996
-26051
4877
24162
5257
-36848
-5356
-37800
23222
-46320
-38900
-21886
49375
-45189
-26191
-12186
17532
24614
44219
-31422
-16974
30628
-29148
-31298
-7886
9988
15712
15980
26470
38910
9948
-29907
-43325
48840
-11687
-46914
-9218
41214
-22475
-15398
-15194
40276
-107
38737
19727
34309
-42085
-12237
-13354
-20917
27513
13524
49958
-11805
4474
23041
14317
21900
-27574
-45636
28124
-39804
14491
-33142
15586
-39646
-16930
37367
125
-14031
6928
-34076
-48388
-43479
21200
22613
-31254
-14882
-18682
36114
7297
40491
45990
26242
-18127
6435
-36931
-20653
-131
-22578
1084
28441
-38307
-20925
32806
27464
-2252
-31238
-27479
12982
-39748
-39420
39485
-48880
4055
-39688
-24696
41890
28928
24855
-9538
38225
-10971
-12537
-25018
-32407
395
-32930
-30227
20431
27186
-48789
-3011
-44578
-41328
-10141
36035
-19594
14960
4865
11819
-13446
-40347
-14704
42601
17127
42265
26911
-47783
-10074
25478
17557
-13255
-22311
-38403
-34688
16241
-13710
8722
-41576
-48879
-4475
30942
35198
9693
-2439
-47067
-38817
3464
10979
19424
17107
-23027
32508
37299
14787
14549
-48318
-3593
11678
-23813
35011
20680
20079
10719
-36405
-9641
14527
3686
-37751
-21454
43047
2143
-15870
12229
35121
-26796
44989
-18444
43196
21939
-11936
10642
-24976
-22638
42343
-37964
20306
45118
-26821
-12789
-17326
7022
1929
46329
16991
-32524
32249
-3553
33261
-42006
32009
12126
-6194
32548
-19931
-36439
-5999
11277
49925
13252
44703
15872
-27006
14337
-22306
45035
36766
-33140
-36097
-47127
-49014
4936
-33887
-18064
-30795
6679
-39744
-40627
-13943
-15152
-38037
13538
-45748
-33879
-3152
-7750
16530
49002
-29438
-17471
40238
2558
36807
14961
969
-44736
-45931
2762
-17225
47388
6667
-5296
-36896
-16872
28302
29474
-37399
20429
-14067
-7124
23018
20912
-9356
-1450
-44468
7809
-3395
-40172
-25401
9238
47829
-49063
-29630
-32759
-25366
-13375
-18991
36170
-13439
11647
20855
-11993
-45718
34160
19191
37150
-48945
-33181
-9069
32892
-47310
-29519
4818
22095
-4548
-23863
-45628
-45939
14080
-43715
-45455
-12104
25354
-8882
26376
781
27562
13590
-21620
-35685
-7851
17967
16646
38919
-1317
-20456
20276
-30356
24395
-18576
-30812
-36325
15130
7574
23218
26208
-15833
11633
-32470
-26473
32637
-33607
1167
24934
2385
28493
32026
-34637
-376
-23015
-20342
-32671
-34431
-49283
43836
6236
-22496
10658
-41340
-48803
30969
21128
17264
-43277
10679
-8907
-12291
-43413
21760
47818
21870
-34015
24817
-49864
39791
6213
-26528
-1048
-28395
17142
35999
15282
-16556
-11532
25084
42247
-20351
46710
7926
38829
-28317
-44874
40243
-41045
27188
-12846
-13813
-26307
47262
-35316
2058
-37019
-45734
-12180
5490
-14515
-28949
-43375
26713
-48942
46767
-14168
-47960
10598
8217
-24912
24221
-30919
42807
20027
23613
48406
-9025
23055
-27050
12738
6312
21602
43257
-31213
-30731
-22320
17209
18953
-46844
-34141
40798
-48034
44909
35356
623
-4000
12434
20251
-3781
33300
20072
-32022
39681
-30374
28022
-25642
22264
39563
24002
38599
49267
12804
-40314
8893
-49195
-43722
46667
-43865
-11203
19636
-46445
9088
28765
9183
45547
-40899
28545
-3401
-30935
-1607
17108
8877
35091
38228
40981
15827
-11875
10851
19038
-12991
18600
11448
-20548
38904
1079
-45869
-8458
-13871
-14390
-40685
-2593
-30613
-10699
23385
44648
-16442
11238
-1828
-29630
48363
42090
-37470
-15025
27933
39993
-32289
45271
-44738
-24009
-49122
48727
-23001
-32315
48252
25296
-12896
48947
-2549
25507
11777
-27977
-34621
46083
-16750
-31604
-22079
32193
-34606
-48809
26978
26002
27949
-35076
-416
16689
31991
15855
43625
-46380
-31533
5618
-19594
-22135
-3406
6217
-42266
-41028
4996
-49727
32890
37982
28728
-10413
5354
-46452
-3339
-20950
-12717
706
-49551
8781
-519
42309
17658
-43246
34319
-45098
-9999
-22134
-47043
-45754
-39376
24064
-31586
13609
43667
21992
16559
-6318
-38560
-47212
43686
-13087
18950
6978
-33008
19737
-8282
19371
-29140
16443
25545
-22422
-2467
12635
3454
-29746
7563
17946
37812
18572
-7395
-41046
-11987
49705
13789
-45867
7806
-808
-10518
18674
-8873
30324
-15102
29912
-14011
49502
44068
-24687
-24363
-33967
-36339
38732
38168
-45471
-38751
-48486
-46231
6951
-26844
40280
25140
-28689
31827
46969
37094
15886
46075
-45863
17219
-27815
-11805
12669
7953
4421
-24839
40324
10187
-28505
-6547
38514
27997
10237
42951
-46705
-5176
9063
7810
1142
-6603
-48216
-21738
-7695
40678
31951
-39209
40003
-44639
2851
-48517
17688
1676
-25293
17379
-40862
-23624
-8296
-31833
33125
14078
29048
16190
8077
26682
8977
-13303
48118
26056
29028
-22538
-10391
-18289
42705
-24884
-31509
-4736
-20570
21223
39329
961
38972
-19036
31585
-35912
42003
-17932
13561
12232
21113
-5749
-8432
6832
4317
-46700
33414
-32145
31577
42431
44440
-33864
38539
6330
-41380
3792
27330
-39500
-26348
-14532
19312
36265
-41215
-15151
-2653
25510
39590
-46935
-26371
18934
41291
4793
26244
-37527
-38092
35829
20098
34409
-21161
5100
25404
-8520
-48228
-4845
251
26995
40631
-27460
-3901
17502
-26109
-41379
41029
16174
3435
13800
34830
-29546
-45852
19311
43956
25951
38498
-2596
46060
44186
-6351
-25599
15342
-27040
-37052
-20482
13194
-16599
12111
18900
-1687
6908
-34354
40209
-44891
43464
-35272
-44333
-2593
5836
-14319
-15796
19695
-39651
21147
-39962
-28269
-7312
-36145
-17457
9343
-17111
-8184
-6113
-37893
-39033
-38282
-11523
3773
-28554
-27379
-22110
3051
25874
-42434
35891
-9630
-22718
-18306
-28799
11747
26393
-37486
-40775
32915
16024
38073
18356
-14174
-48802
49800
-29631
30899
-25657
-3812
-30663
23408
32702
-2396
13609
-37480
47767
39316
-35108
-8017
-20486
39508
10396
-10784
-16187
-1660
-23095
-31546
-31331
15908
-193
-25815
-3439
3269
-33206
45572
-1263
16867
11612
-5936
31980
-33197
2104
9935
-42257
-1050
25049
4075
35400
10268
-14994
-9771
15831
-3770
17087
-29111
-44478
27718
-13827
-5773
30758
47274
10691
6702
36015
-40727
11188
-17826
14991
-9395
39789
-2600
31380
-25339
-16026
33507
-8286
32642
-35320
-33939
11531
37765
-12504
23343
-49701
26954
-13104
-24685
37278
-3127
10740
-22809
34115
39735
-18383
30196
42824
4064
-43700
12376
43648
-37618
945
9614
-12359
-25374
-43380
-40162
-25586
40944
15718
-35377
21798
-45668
30051
35357
-14413
-37
27428
-31732
33578
-40922
-34339
16152
21662
-37036
-14902
-14292
3069
33686
-49661
-8444
-24894
-37821
37148
20578
-26278
34154
2931
41900
-9990
-37528
-48418
-44602
-865
-27845
-29612
22302
3477
-34607
-928
-26230
2859
-29409
6989
16542
-46624
-10322
-27838
-49397
-23414
-12564
45120
-22638
-19244
-7766
34528
48621
-44685
-17697
47243
-20381
-38944
-42511
-36385
48658
-40574
-28264
-17097
-30306
16149
-7342
-25091
25363
-18613
2863
37833
22347
14250
-11182
40158
34171
11354
43119
-16359
-11898
12746
13255
23521
-46425
-19540
-28739
14688
-20400
17877
-36614
9493
-27069
-3725
-17521
9748
43677
-8900
-6419
-8074
43887
-44421
-38540
-4165
16808
-46293
36623
-34079
30784
15366
34571
-20362
18472
18403
-19475
-35138
-30475
-48614
-33776
-13945
16599
-47783
-17961
-42891
13859
37145
-11134
12506
20873
43824
-14435
3518
5988
-23698
35518
18227
-10631
-5319
5352
4734
-33689
16266
9907
9835
36994
-35042
-14195
21604
-21878
4871
-33185
-27060
1006
-31436
20769
-49029
1166
-30242
-1520
-2215
-1057
8901
-22306
-10192
25381
37714
-12942
37504
11880
32228
-11050
-37741
-6003
17178
-29112
-1009
14216
-25358
20829
49958
43295
-17103
18144
241
-46929
18919
-15370
18510
-25393
-46983
5295
24984
8506
-22552
42140
-37878
-49141
23691
-19983
-2462
36700
-34333
-42339
-13288
32918
-21164
-9318
-17816
37825
25393
32548
31790
-40490
30101
45431
7638
17419
-12204
-12027
36464
49800
-14686
-5423
-9725
5164
-44672
30425
47949
34844
36073
-44121
40223
-20879
20824
17217
-1050
-8520
37340
7398
-21258
-22687
-11235
-25995
18830
45651
-47418
-25076
27214
-35424
19177
-45634
20067
41020
5823
-12303
29134
-30962
-44520
19797
-49550
-5800
2485
-12988
16511
-40735
45109
-37331
36182
20216
43732
2129
-40908
-14297
46024
-19578
-40803
33066
28948
40533
-5458
39714
13806
13943
25902
38037
20639
-2199
37951
29442
-21002
34784
-6034
-37487
-46197
4418
-14272
42541
5801
-43313
5649
-9036
-14006
40117
-30622
-31703
-12446
9470
15408
-722
32675
26080
-17440
29105
39563
10200
-25862
28919
25666
-46396
313
-42393
-38046
29641
-24402
15577
39965
-14403
44887
28830
-1535
-41134
-44174
33500
-7583
46491
-11462
-22266
22689
33783
-26139
-39538
38674
31646
29204
21582
20377
38357
12897
19206
19290
-13364
34715
-38045
-36897
36744
31662
-21996
38106
1780
220
2211
-20257
26731
34619
-34069
-4185
-47665
-26801
2270
10858
44100
48628
-33423
-2662
13689
38860
-25581
47823
21413
36223
-29492
45431
-1717
23490
16592
28489
13304
-4652
46110
43353
29583
23376
-30836
-34793
-1271
-21102
-30745
-14128
14254
44787
-24904
-48101
3167
28304
-31016
3779
-17049
-18267
16880
-27199
-13412
12622
-14554
40203
-4930
-22787
10987
43936
-12598
-412
-3924
-43870
25567
-12306
17846
13246
23950
-2159
12249
-20188
-37928
19003
28377
38585
21439
42555
32773
-40233
-48975
19379
42660
33135
-11238
2894
-17662
24340
12833
-37178
-5205
-20051
12693
-12639
6122
-32318
39314
28419
48590
22879
-1516
38742
35225
2353
-16210
4490
-22882
-27931
41117
-29280
33731
21511
-49827
37809
-25528
-38824
-3045
37006
-41482
6077
-15836
12892
41666
17530
-21303
-18638
-8124
18428
17684
32420
10386
27822
-25456
-7772
-36851
37131
46942
-49844
-41648
29131
-15924
-24462
-40326
-20883
-44762
-46968
-17935
21063
49859
31761
27976
-4255
28543
11808
-29743
34757
4732
30181
24209
-8399
28269
-30044
26163
-48120
10550
34800
-45564
-28864
-34400
-2133
46550
16568
-42567
-49948
840
-36400
-28369
-42563
34506
-31296
43755
-9984
25754
-13857
680
-10537
22999
-39212
-3356
-48232
48813
27541
-38449
43674
-28405
-17785
13915
-8443
14062
-35015
15180
7904
13878
-27679
45866
-12169
6924
-16089
47369
33819
-43807
-48336
-8767
-13718
22010
24699
-32135
32374
19875
46798
-26756
-26013
-5137
31037
4257
-36233
-32887
-2219
46031
21173
15051
27621
-45048
16099
-13407
47483
25263
-27476
22075
47989
29828
21281
-34229
48863
-21545
12448
-9196
-24747
28642
13169
6050
-33367
34198
41431
-3065
8168
-22227
12354
-49950
-17746
-14167
-39215
-31909
27566
-31677
-42905
35858
37892
-33300
15930
-46969
19994
21878
1949
-37109
40578
26211
48800
-21416
-6146
-35201
19623
34294
-17231
-9632
46297
10002
6736
-520
-37406
33189
111
-18636
-44530
-19223
15441
39628
-22968
22179
-16331
-24382
-5431
-468
-19973
-43874
-186
32291
39358
18937
-31808
13939
45579
45335
25794
-10958
5013
-23259
6686
-42917
8041
39437
20995
1939
-17753
-10920
38150
-7452
44781
-8865
-38385
-49530
39814
-41616
-30596
23289
45981
-13602
39178
47763
-14367
-10545
45452
-5797
41050
44655
46298
-14408
-21807
-35392
14535
36906
-14044
-2416
-13916
43008
39475
107
-1
-6116
11877
-2115
2853
-2397
-14969
36234
7969
-28049
9356
158
-3684
46245
36284
-10249
1858
-47577
36843
35318
-10278
-21256
-38478
39839
39599
-14937
-3813
-37246
-4878
-8805
-8894
-21810
-9706
36694
-7024
18798
-13109
20684
-32325
-42109
31225
17087
-23323
12947
-35483
-20287
-4789
28468
-3403
6338
13384
-21767
23954
38689
36493
-8187
-19716
-4705
47296
-9178
17309
11904
-14329
4766
-46647
28751
-26803
47061
-8566
44319
-4755
-24279
39185
-401
33145
22372
46998
32753
5658
16362
22691
25050
6578
-30950
-19038
-48344
-20291
-8690
28300
-23740
36176
6246
-9471
-42828
2399
25343
-47617
7919
2856
-13744
-37367
-25074
-12901
44530
30422
21180
2848
39158
-36631
-32671
32798
18616
-37634
-34521
-46456
-18401
-42667
-48085
-27723
-20767
37416
-41643
-7092
41672
35040
20174
-1787
2702
19780
320
11713
-10126
24412
29621
-33707
47769
-35507
-38063
-17056
-17504
40949
44649
-14013
-44876
-25840
34365
-35976
-47966
9264
48625
-30004
-23720
46695
22782
-44544
-31547
-19094
32110
-26153
-27384
26782
10924
-42446
-40480
48048
31775
18931
24704
-49551
-43949
-37619
7623
-4318
-42417
-47827
-43332
47842
-24595
-34332
-24845
-16201
42622
30174
39740
-20002
17724
-39711
-8460
42677
10269
-7749
-36898
7381
27
-16367
-43707
47029
-35344
7253
34623
42921
8080
15151
-29184
32733
25834
-19798
25245
-45271
-12875
41414
2014
11996
-11423
-8825
21272
29322
14614
-10035
5722
11363
42135
-17713
47845
2414
23485
14619
-36127
-30031
26759
9647
515
14034
-31180
-13023
-46727
-37290
-19562
-15187
-23660
-25707
43321
21821
-7496
-22172
-13471
-3383
-9962
39886
-36129
14047
6394
3811
39505
-15478
47576
-28966
34524
-5047
-9582
21337
29163
26793
6756
-33603
-37384
49164
-17503
15541
-46851
41573
-16033
48866
-11620
-34403
-43762
16514
13385
-22386
17810
277
-33554
-29428
-13893
2529
-20696
45536
-21771
17937
-5434
24886
-37544
-41826
47987
-48351
7467
-48246
42435
-2046
41568
-42887
-17070
-19933
-16133
-42379
19530
-39030
-16068
24341
-2577
-25149
47980
49069
32284
-49054
-921
-48566
-41452
26641
42454
18664
-40504
19498
23640
5104
17769
-16185
-15493
33864
21195
-15104
36671
-12722
-5777
-30750
40588
26174
-36463
-43913
28123
34005
-13746
-28417
-34929
16927
-18906
-30371
-30280
40192
19783
-32886
14775
30388
44365
-29822
1559
-39046
36868
-36219
-44806
450
-33739
21099
-513
19547
43769
48755
5061
18508
32029
46189
4416
-46214
23483
11731
45315
-45159
842
8553
-6297
-41481
-43938
-42195
28967
29095
34412
-31303
11075
-34048
-45667
-34355
10952
-17129
6498
-44738
-42263
1937
-25676
-31370
8007
-12291
4772
28986
-20989
6475
3691
-951
-48522
-38926
43621
47555
-35065
43116
-41528
30139
-9646
6263
23357
13879
-35622
-8043
-39224
23526
-9792
-15739
-36556
-37989
-37244
39185
49585
-7125
-10835
18804
-1785
34023
-10435
45120
-13017
-17568
44383
43673
-12100
10468
46614
26884
-20805
6756
17575
-45254
12834
34841
-22046
47914
287
-25486
-1897
-15831
-8769
6859
41902
25015
-2712
33409
-11184
-36917
20039
-3157
5611
47010
-11488
-12570
35769
-46083
2302
30191
12065
-31151
4279
20453
44936
31135
12212
-13560
18051
37306
-20408
-5959
-3337
-42552
33195
-14128
-22594
2621
-29217
9714
17365
33233
-41092
327
-23838
48369
42353
2648
5289
2066
-45473
-7117
-31081
49848
-3981
-1685
-32222
40592
-15851
38733
49365
47925
17028
-38040
22820
-22426
-46405
-11455
32829
46990
-45552
-33859
-15239
20374
8255
12132
47191
11865
4306
42950
47205
35052
-17834
9317
-20884
4847
-34958
4618
22833
8896
-40537
-12994
-28862
-35482
-16904
42026
8156
-28760
-19559
19807
29368
41241
17527
28570
25224
-34785
-34704
12240
37151
46339
-3402
-17905
14130
-43201
-14422
-7390
-29419
-46217
30390
19757
30781
38402
38174
39698
17520
-30922
-45604
-43330
-30545
34362
-47196
-29797
-19082
9806
47186
40762
28043
-22405
36853
13629
20763
12409
19060
43942
-37903
1331
24748
-4668
25442
36827
48322
27636
44221
-9701
1100
35256
-25091
-28474
10903
-14517
-4172
37270
6282
21404
19507
12833
-45798
-14816
-47269
-14438
-22250
21962
24793
-43260
-15931
-19104
23104
38997
-4056
-33554
-37344
-13259
-23738
-44976
-41267
-15241
-15235
-39636
-34697
-40867
29983
21314
46925
-19872
-9313
35350
-36174
35403
-19265
32167
-19476
-39945
21700
-1879
26711
10863
19252
19283
36833
39521
-17005
-2179
37695
18516
926
13662
38567
39705
-21247
-28564
-36367
-11154
-12429
28923
24483
8180
-38170
30772
-1715
41970
17719
5811
-15663
-29421
6819
-30361
12105
-14094
40592
-33851
-42734
-2623
34340
31285
-40594
43524
25583
23701
-19924
-32499
-31024
-17073
-16739
28350
38373
-17236
-3197
-14379
28806
-36375
44429
1942
-4827
-219
11545
26955
34594
-20661
-25656
44507
15267
35145
-10814
-10266
-39286
43756
6132
-19046
-25700
16676
24866
-3986
6879
5266
-39119
-33890
-45498
-25320
26718
8701
8229
36150
-7482
-9533
11185
132
24916
-20240
39147
46555
11959
-46778
-32250
45160
-17036
-36424
-1601
-34023
23683
14851
10748
43871
-43875
-22971
-11881
-33206
-22380
39125
28707
-2993
-11788
-16376
-27282
-24292
11540
-2822
32568
17174
-30680
16029
-39874
-715
-2579
-3628
21712
49389
-49965
4261
32021
-8088
-27810
-24325
32320
-43686
-9346
44363
-18757
22806
-27161
-49889
-14197
31511
-49515
47698
26750
48322
17499
-33168
-9812
-32991
-39565
-11231
28273
-27818
-22605
-39826
13209
14003
-6419
3366
-13977
28227
-11135
-16389
46709
6367
-14800
-4741
28748
-18821
-7795
20651
-40968
-8868
-35955
34164
17707
28364
-16618
47626
-20605
-30738
22127
18146
9154
5628
23985
12343
-43311
14520
35390
-29154
43704
15774
-6392
42206
-14324
-18657
5099
-25440
-384
49769
6511
-29627
-40463
-38579
-31483
24909
2826
14618
10186
-38664
8728
39267
35346
38929
-36967
46247
-15548
48408
-7440
1748
-40733
-48065
13589
-10
-46395
-45394
-3157
24722
-28698
-14632
47606
-27370
-24203
20128
-19537
-1000
29259
-15720
40487
-2981
4625
-12472
-31263
-39975
12342
36565
38313
-43828
19560
32575
7022
28291
-42118
-37470
-36187
-18522
-32026
26113
-43993
-45194
-3446
-32037
-35038
42092
-39349
-26316
-16052
-10135
38515
-19260
10983
-14069
-49524
-14618
49505
16856
-37768
-49660
45439
11500
19988
-38268
-29923
-47820
-20036
-43742
18330
-39775
16367
-5633
-34309
9962
-31814
17964
-41752
-27748
-12081
-29238
8176
17384
-18843
-24912
-37503
-45379
45765
-35577
-40225
10585
3721
41910
-12848
49834
30094
-8610
45530
-10844
-12915
-17798
-43919
45108
37486
12101
-48599
5003
-36257
45217
19424
-6144
1660
6718
-11760
8975
34014
35896
47126
31796
-38834
27733
41666
-39529
-17363
41838
11586
-27103
15179
12571
-9623
49572
2775
-26248
-34348
-27865
-12427
-4530
-30739
-6489
35812
43958
-22561
5004
-20158
-2280
28343
-6667
-21591
24079
-40425
32454
7230
-15848
25574
26488
23572
-1394
47508
13721
45734
22377
-22154
27439
8009
43478
42720
-35801
-33526
37553
-35358
8784
38959
19897
-48106
13987
36760
-33557
-775
-2118
-4091
-1003
17530
-38546
15089
29645
-22861
30336
-29153
31271
-14144
-27773
32769
16319
-27124
18229
-5799
-25030
-8966
19904
-17777
15377
3599
-49347
-32894
-3041
44833
31465
35290
6844
21034
-49829
4935
-22456
40221
-23035
-31182
5671
14281
3331
-47386
20190
-46517
-33290
-7127
9392
-37661
-15016
15364
-13698
-29633
22944
48259
-8092
-39327
-46043
16424
-36625
9452
-21760
3638
19601
45364
-29419
41293
22398
-9204
42080
24153
29771
-4921
7118
-22716
-21203
41410
36622
38616
9341
-17470
-22960
-42107
23099
-22774
-28129
-47825
-31150
28613
3675
46290
-12474
-5252
-15083
8651
38790
-46001
32679
-19246
13932
-26271
-12611
17557
47857
4828
34124
-1725
-26845
30689
4229
8713
-37400
-32010
23749
26915
-31991
-23993
-15210
-28750
2198
5367
-2081
-42480
10610
25344
12311
-36506
-27000
18701
22895
-6045
32135
-20986
19090
-27986
-8432
39481
15913
-41656
16956
27404
-21327
31160
46120
33293
18696
-43653
36370
-6069
-33259
-22887
39468
49609
26493
-4752
15481
33936
32456
-21875
28536
38051
-5391
39349
-48649
14550
-32265
-35125
-17386
26111
-29880
-23265
-43037
-12834
3451
41012
-16217
-38293
29571
-29917
33555
49477
5113
1421
-43090
16843
-18152
8
40831
40333
6760
23129
33985
16428
-31765
-15228
-2857
44188
13215
32995
48386
-30488
26126
42163
40579
-17187
-45388
31893
-19973
37616
37948
1091
-10622
-15294
-28583
-22697
-46787
-19756
-42382
-38673
46748
-12092
-38059
-11689
21970
7184
42022
22160
15274
42801
40834
18931
-12248
-21329
-15554
-9169
-42623
11044
-45004
46962
-17833
10890
43462
47996
-27850
41868
46939
18332
-4429
-35518
-42141
-45433
-44927
-39301
-43601
5296
45543
-8741
-12823
11791
-5662
-21232
-34886
29338
-18832
29234
39431
-42228
-43363
-43904
-9821
13320
-46777
-41919
32169
-20632
-3724
-38271
-37038
-3475
-30824
-39672
38951
-29521
-23953
-22150
-11113
-32026
-49834
1785
10109
-42829
-46681
25757
33189
47927
-17892
-44366
-37810
27162
-4188
-1775
-17266
-3141
-18883
11396
-33936
896
369
-48013
48258
13033
-26085
47367
5206
19359
-26181
14991
19950
14927
37590
20546
5787
-27658
-46760
20660
45856
-35657
-26860
-10734
40581
47416
-6556
-20601
43701
-27481
-32198
31682
-41359
48911
-8589
-47150
-40420
-26367
29288
1344
-46156
-4286
-25536
11180
18189
7380
-27151
-27407
41312
4942
-29503
27215
-34912
6495
-33614
35874
9956
27793
48902
10040
-7732
-35209
-3294
15247
-37295
-17205
-20856
3786
-9392
7010
-42900
-3860
17999
-14287
4099
-11346
-41321
40565
35368
-8794
36749
-1598
38597
-19601
-26617
16545
7902
-36938
6940
-16931
-7978
27905
818
40920
-12396
4533
33229
8049
-13319
48024
-43447
-972
36916
-15097
23699
21386
-31889
28167
-7579
3227
-2080
-46243
42971
44079
25659
-40334
21994
17885
22300
-26868
36127
13768
-19571
3234
-23561
24499
-31878
45153
-10066
22267
30666
9571
38025
-9786
40328
-22486
-41649
-20263
6580
-45210
1710
37042
-47152
7745
27671
9137
20381
10435
49679
37408
-34204
48483
-21992
-39520
2230
-12621
-35122
-10253
-30188
15485
-42039
-29640
5174
5291
48261
46517
23173
3279
-7668
26930
10522
-14226
-42594
36095
-14942
39607
27948
-37325
-33046
13847
-9092
43853
21297
-17259
11117
-42105
-20207
33088
-35691
12603
-18270
48193
-1616
33243
49627
46670
-43077
15175
-39290
24203
-35771
10769
-43476
534
385
-45302
34619
40949
-37397
-26407
-23631
14289
-37939
11994
-7342
22038
48334
-10035
30566
-33826
44608
-37852
5014
-20858
-10261
-6483
-9354
24158
12753
-389
7646
9655
7435
-30219
-6265
15874
3938
46677
2953
36050
41527
-8364
44848
23193
33385
-4523
-26867
-49109
19009
15353
-6347
-921
29774
-36169
23967
11444
-45660
31939
-5857
12762
32195
-22140
6706
42941
-17465
31556
-32086
28423
-9973
43880
43547
7238
19332
-44864
37968
20284
-42593
36902
2578
-45503
12673
28477
-29190
-19529
-36734
-49293
47890
-7035
-2256
-22802
42569
-15767
-11719
-35638
-27100
19318
28313
-2835
681
49935
19168
3680
43541
-23475
-10198
13509
18918
28249
7460
49935
-23478
33887
49507
-16458
-2320
34270
24066
-20033
4668
46679
-39241
-18516
-14265
38774
33584
-40543
19303
29028
49259
-1968
-22530
-34438
-19718
13135
18235
33183
43325
34343
4640
-26255
-20866
-25658
44530
-35800
45878
14041
-16670
-4476
2238
-3728
-21364
29682
29839
-58
-32004
-33923
35733
-16210
24997
-39099
20789
41514
-7689
22295
-22132
16610
33682
-41028
9088
7164
31104
-17573
-19659
27030
41764
-19681
-42815
-22159
-6494
20942
-15461
21247
24845
-17557
46385
-31977
-893
18844
-6257
30230
29975
38824
-52
-44843
44580
15503
-42635
3742
-20443
-28447
36751
-38379
27844
-14366
-12054
15571
-12368
3207
21481
-40460
18444
16662
2500
-34925
44833
-48038
33775
-1309
5661
34572
20468
36401
4567
-18263
10460
-37400
47866
899
33601
-49590
-4295
-26454
-1754
-39910
17589
17585
-49949
10068
11098
-44227
5236
49068
48795
-47488
-10441
-34895
19377
-15906
37190
18404
29963
-9292
30785
5205
-40795
48520
-32783
-296
-26850
28847
-1585
-26939
31458
-40312
-12416
-18491
1305
-916
-10067
-13067
-16603
1124
27358
11714
12994
-14313
-17344
-19065
-16061
34295
13698
-20215
-6271
48513
12935
-16502
26728
-32686
15131
-27360
-34854
16436
-49771
-217
15513
-25808
-39118
-7209
-37648
-7632
24386
35450
10053
-43231
43727
-2555
17267
-23769
23806
20147
10638
27190
22764
48380
11719
-8954
-45290
-42427
-4412
33620
-9311
-30846
-25677
-38638
-21952
-44791
47830
10569
17692
1896
3710
17440
-7990
-1286
-34832
13934
-46961
43232
22692
16951
-37637
-44783
6145
-44999
-9845
-12906
-10427
-25232
-34110
39394
30761
35367
9379
-18684
37320
36864
-40089
-5639
23492
-19493
-9898
24504
17006
27260
5894
-34529
31402
33297
-37370
6585
10424
-35282
17146
-11135
23166
-2332
27882
45868
964
-20295
37217
-44651
2604
-31988
-16200
39549
-47766
16583
-21480
28212
-37252
363
23310
-20132
16518
23158
44175
49173
49122
-14829
14548
-47027
4104
-30256
-1597
20610
-12880
45802
5783
19556
-3813
41639
-36727
45319
-1994
18144
1388
-5323
38480
7780
9969
16850
-36504
-47038
19767
-37370
-31706
-40914
31508
-37907
-24259
45487
38981
-25912
13431
-15738
-5299
34094
786
17725
-17173
39546
35918
8072
22948
-9846
-9717
-40958
17696
18352
4864
-33139
28949
-34864
27675
24578
34281
-25647
-37491
44258
2146
38580
5023
39331
8959
-15013
39112
-2953
-45661
-19411
-34211
22970
28668
-9310
433
-20327
24482
12617
-37426
-36331
29547
-8983
-23683
-16233
47203
-2654
43832
11933
-26760
-39588
-41216
21135
9928
-32256
-19082
-1557
810
-43055
-24531
18243
19367
-42828
-17342
27422
45582
31619
-13308
21755
-33882
5129
-29749
-44264
12787
40965
8389
21876
-41780
-2652
-37564
-43182
-25670
-33836
-10242
-41998
9065
-32765
14781
-42581
7573
-17485
-32476
43509
-15947
-47657
34905
-23396
94
-18886
-34541
-1290
-27684
20450
-22888
35594
-32059
12767
10643
-41362
-44341
-23374
6292
-27851
7220
30122
35540
-19205
34907
49071
-19233
-40528
-35099
-24807
-18215
32412
43731
9143
19911
44389
18282
21361
45903
27621
12100
23768
32125
8633
25645
-41978
34332
5191
-22680
-42785
12236
2641
15002
34163
-6400
3246
16912
45005
30418
-10850
25515
36526
-47404
-18838
26072
20336
44642
16918
34345
216
-29178
-22641
-32744
-26313
35244
-36911
-20394
-16828
-5386
-45788
47861
-11180
-29067
9255
-28900
-3655
24475
-20038
49438
3092
-26991
41781
17163
25325
-14193
17602
-3713
41969
-30954
8553
-25631
11290
15860
-41288
21223
7699
41390
-7425
-32483
46355
6613
7597
-14400
-32513
40823
6882
46670
-31268
-46694
-20666
27105
42727
-7184
-45135
10983
7655
1173
-6526
47364
26593
-39170
-14183
29585
13030
43303
27291
-22033
-27387
20676
-29571
27844
31063
16293
-49239
-6383
13025
1845
34400
8327
23251
-25186
-32862
27690
12112
-36606
-36624
-44162
-27522
-427
31348
-44521
-45402
7514
48200
-40125
9583
38473
-42362
-15316
32101
-36308
38307
962
47170
-30664
31481
-14802
-43113
46995
-12428
31649
-40439
32888
21003
21311
-10444
-44808
-18191
25365
-40497
-36760
40209
12443
19851
-33950
-39304
26609
21877
-8713
38334
-19570
11951
-23817
11391
1612
-44471
32340
904
-49873
35239
26343
24410
34931
19253
-3551
-33097
-27309
7759
20184
-42777
7234
8595
-12364
26392
-5664
1528
-1162
-13091
-4966
-3234
29847
4748
-6387
13635
22817
-33564
5784
-6324
-41525
16791
-13483
13112
12745
48116
5507
33660
-27508
7105
-22525
36913
-39303
-13753
2870
-14258
30914
-31513
13493
-38906
-44966
48942
-30119
-21769
-15884
-47901
-28512
-12814
-9633
-42449
-34985
21120
-19775
-26759
-42736
-25401
39972
14676
43113
3196
-23461
40094
28315
2944
14815
43786
4439
23538
-819
11341
-43920
-9347
-3898
1583
29958
-24226
-9908
-26760
2132
3148
28843
634
22692
41926
46206
48186
44023
46680
34504
-49557
-10851
34362
1318
23955
-29017
29341
-28027
23185
-37190
-28202
41447
19680
-40446
-38250
-7901
-23809
40048
-39380
-33269
13511
-18483
-6863
43162
38172
-22563
14233
14777
-43497
-17939
-31224
16757
-15941
-10134
-2451
38782
685
16775
-27230
-17215
-18570
8022
48381
19868
-22586
-14680
-4571
-11701
14476
-38240
-33659
36922
-3808
-45585
-26947
42643
40963
-19708
-14770
49243
-5829
-23670
-40378
41523
25415
41024
21123
21998
49162
-48386
13716
18407
-39525
47484
-1004
-45665
-6751
31532
-23439
-26972
6057
22936
-45145
-20357
-28626
-12330
27162
-28610
-41258
14716
-43231
-49423
-10924
4572
-2949
-3149
468
-41248
-34229
-48212
41884
-39537
28443
-25705
13845
-25591
42026
4710
-37310
9602
-12496
-44196
-3771
-40886
-29234
891
12840
22491
19270
-6976
-42471
-36608
-5589
-47893
21216
-1411
11746
34569
-42219
45470
38380
16663
-14795
-23458
7394
-32766
28079
24683
-10792
17859
-19156
35711
-22798
1323
-851
-23175
-37349
-45070
-21670
-35726
36905
38590
18607
-40753
-12367
-7555
18134
15823
-35153
-39151
23402
-3202
22379
24180
16408
27622
-41468
8126
-48644
1314
42543
-49142
-12727
-24224
39050
-30214
-47868
14764
-27142
-49430
26201
-45841
-28885
14551
-35561
-13624
16764
46287
-47484
-4750
-450
-25353
18582
26705
41170
-29462
-17080
-37301
24722
23097
46051
-20877
5661
-2088
8582
-46468
-23306
32922
-45123
-25239
-41628
-49596
15090
-19542
16935
-28178
-43771
-48997
-21132
-48829
1638
4859
-22901
49049
1038
37487
5215
-31097
7183
21738
34494
20380
-27238
32991
2363
-28679
-19112
-19222
3685
-1063
10033
1457
-49003
49288
-40915
-38207
-26932
26877
38128
-1582
30061
-22252
-4464
34907
42555
16842
-30124
9365
4836
-6525
-31227
-34819
-29604
-37152
-39300
16761
3627
33378
-29753
-36701
10505
24466
48306
4211
-10208
9411
25799
-28516
-46491
-17049
31394
6965
-33566
21896
-1890
46090
-47282
-42393
-43277
4311
-44577
26837
4641
24892
-22598
22240
-32168
-11976
48121
48688
-30009
-18529
-36356
-48313
4308
-23355
419
-36063
18559
17824
35315
5615
-33993
44116
-19723
-49357
-30922
-26580
668
7946
-16586
10643
-26631
19982
-13120
10629
2860
18306
-29073
13307
-3483
-35951
18381
-35902
4501
28765
36141
-43382
-27797
-26373
44827
17394
41221
37554
-8926
7344
28849
-6358
33589
26280
26311
46333
-48889
-16186
48191
4830
7213
-2986
-33963
17301
38921
15593
-2529
35954
-7974
-12128
-10687
42186
7569
-36351
25176
18288
36743
-43789
33936
-22239
-17629
43005
-29236
-46242
2729
-17358
-41820
-5117
23854
-45627
-1428
5499
9015
-47304
-44229
-49735
18925
-25630
-20091
35841
29083
-8730
-33882
-25714
8712
42631
-34777
11001
2362
-47500
20060
24453
48537
-37113
17595
12545
37251
-34669
-32499
17603
-34034
11662
47862
47425
48086
27957
-31155
17051
-44792
-22985
-49821
-9326
23024
39514
5583
25275
31214
21097
6572
21505
16005
18496
-1373
35489
33341
-15564
-11213
22041
39667
37459
-8981
2184
49747
26270
-13046
22749
12940
44879
-32511
2030
-798
-45692
-48071
-48460
-13566
-27674
-48482
-2835
37297
-46608
42460
30390
25052
22239
6441
35820
-33569
35888
-41273
-3936
-21228
18405
31443
31442
26114
32361
37418
-12080
-16186
-43473
39021
36547
-184
-46248
-47280
-12337
-16744
31563
-5900
29491
44726
-14031
24776
-23607
32398
-7610
5484
41682
-22037
-41358
-13912
37406
21357
4460
-40405
-48195
-26561
31484
35285
-35158
36530
45176
-46557
-20692
-19651
-45700
-33303
37279
-32862
32569
4647
-43086
-29346
-1692
-41037
-49424
40306
39117
-41582
41080
38621
-34895
27735
33609
-39806
34952
12349
20009
2676
15561
-15586
-13343
11824
31096
-22697
-37963
43853
38877
40786
11016
38815
-6634
37727
33968
-41257
6280
-13271
-1350
-39140
-26041
-40169
32591
-34534
-34368
-25733
-19978
-4112
29310
-11484
-12812
-134
-33975
-23620
45621
9492
-26718
-18278
9697
-21644
16041
-5593
42810
18853
4804
-38575
26934
35300
-4268
-39052
-29405
29521
13647
5451
11111
47439
9595
7609
-14351
-6477
-26608
12381
31622
-24022
-12821
-6851
-47116
-34542
5886
36594
-8399
-10490
-5889
-21406
-35899
29175
4084
-29323
-32913
38073
24708
-20227
-20555
-23545
-916
-4210
8732
-21524
-34157
-27137
-4852
-30431
41188
21421
-36617
7509
-16039
-36930
-43076
-19917
6866
42487
-25831
8513
47503
11120
11746
-21932
30912
7152
-44954
-21728
9276
-33488
5146
30264
-20693
8518
-27045
26716
42443
-40313
-36258
-12158
8584
-16288
18963
5614
-22264
-21440
13387
-15534
27163
45250
-18187
34930
-35010
-1967
-46423
1780
-6483
28739
-36467
18143
-17519
-17845
-26162
-7
-19589
-39815
48234
-2316
6729
-34100
3355
12160
7074
12124
-26196
40814
-1760
-47380
-41396
-8079
-18707
-20971
-937
-41636
-19998
47458
-25064
23068
-32380
-49136
-7433
14550
-478
45490
-1528
-24581
-19848
10278
36473
34030
19752
5688
19432
-16290
-36136
24154
-19681
32718
-7588
32953
-35637
11728
-48983
-49302
1067
27829
-34069
-13487
14580
37856
29178
-42910
46822
-38447
26306
-38010
40975
-5647
-18734
16886
38001
-25742
8923
-42130
-4581
-18195
-1135
45152
19208
15844
29920
41916
15924
-39203
-882
49623
39233
-33303
-7342
18580
48003
36561
36879
-49207
41927
20755
-7992
-36858
49535
-508
-38858
-37688
25169
32874
21939
21858
9246
7623
13813
-16116
483
33284
11543
16259
-25561
25820
-35276
-7834
12219
11056
-5716
-8109
-43602
10122
-47073
47445
44488
-9133
20522
-29924
48954
1540
-4272
-8013
41372
35742
-23686
49109
-24624
30234
22556
-45580
31561
-40788
16813
11718
4258
2077
-30023
-17414
25075
-33046
-12832
27660
39304
29843
2585
33738
-3031
-448
-20218
-25288
29457
44784
29032
1935
-33520
46102
47033
-7891
25512
-11012
-37010
-19161
-48396
35811
23900
41174
-10382
-26542
23942
-3655
43573
-5694
15458
-27875
36242
25012
16346
2729
-45308
-19978
12292
18052
-2385
-48365
45432
13153
43356
-14430
23258
9276
752
40813
-12041
20200
-15941
25475
-11230
27526
36267
-34112
-42524
-10388
-39947
-25045
14421
-40574
-49149
16094
37672
41124
-33156
49451
35278
46868
-31618
40749
-28370
-24188
-11550
-45475
-20041
35390
-11400
33811
9748
1964
-48980
-45671
30980
7926
-35123
-21689
-6508
42972
-17146
20134
6460
-16314
-10567
21697
-18750
21043
1815
-17706
6077
12070
-13658
-40441
1086
43301
-38442
18964
33558
-4372
-603
-27383
-31556
14068
-49043
2154
-40295
37965
-19444
-46358
3432
-35981
-24067
11038
10787
16405
46778
-10302
15440
-14220
-12217
35432
-14880
6216
-34006
-38923
-7134
-19094
6575
-49490
7601
-34071
9091
44130
-28962
30894
11716
-17484
-41147
10744
-32671
19906
-41702
8037
10724
15260
-9125
45309
-10302
-16309
-2287
33268
17536
26582
-48624
-1358
47085
19248
10583
-10122
-17396
33172
-49042
-48991
2391
-31800
8499
-18010
-48235
-4362
-37649
18252
-23378
-3994
-38161
40070
1270
1910
16304
26215
-46886
33318
22830
-280
-8077
638
20605
-12911
-6562
-22318
-42186
-14683
27954
38397
-19231
-46452
21837
-7803
27230
29226
43184
25775
11089
29072
39817
-45223
-40800
-18486
28685
18541
17043
-42402
41780
-26815
16360
47830
-46237
47041
3525
34338
-5638
-31209
-5791
-30748
27438
39357
-31303
-34255
22903
9286
-6930
-40432
4391
43910
-44574
-26711
21724
-47631
11955
-3646
-2518
26595
-48697
43294
-21254
6936
-21651
35462
-24560
10867
24563
-4702
10467
28010
26688
-16193
19174
-48197
-47680
-36984
-17910
-33063
-17094
-9846
13680
-29014
-664
-30165
22600
-28645
-37940
-1744
30060
33433
-7514
-32551
-41824
31234
-40363
24854
-19151
5067
39613
-38109
-23940
-40918
-36851
37705
16918
-2860
27217
22281
47999
-25135
-33274
-16943
-27287
32066
39044
43670
44120
-18746
16495
-35580
17381
-2975
46416
-22861
19770
-15912
47028
-46585
11933
-8505
-5826
44082
-43261
23002
-5760
-32980
-38082
-1614
31288
-44514
-4270
39261
49060
45409
32674
-21374
36417
2874
33594
-28663
38959
28989
44786
586
-12782
-45361
-8342
17345
17420
-40809
49653
3681
3542
29831
8084
43673
29186
-48185
39373
-14302
34147
6210
26748
-1970
-39322
-47394
-13776
-22614
-45774
-5086
-13738
-28597
-15182
-42570
40400
7889
5660
44026
-26611
41441
-35852
4072
-27603
-18518
41674
17188
9109
-4597
-36104
-10756
-48640
1604
4040
-9300
82
-9009
39998
-11451
-39372
31319
-6164
-19435
27787
-33671
33300
31693
18569
8576
-17719
27763
26514
-5841
-23438
-16867
47036
-34650
7117
-24684
18640
-3654
11439
17493
23488
13490
-26189
46295
41730
24472
16365
-19789
-37646
-39885
3248
12611
41756
-32301
4627
1916
-39443
45607
16876
-35898
-15761
-15448
25979
-22367
-14164
6241
-13849
44963
-36761
28383
-22355
-9794
28030
35882
36071
49346
25469
23184
-16944
-27871
5820
-4255
47279
-43411
43215
-11969
16323
11369
19612
42589
-21291
14022
-13708
-27443
-41549
-13660
-13339
15930
-32691
19376
44315
-680
37571
31402
28832
-1593
22532
-30936
12947
-41529
-43316
36341
35135
-27689
20463
-14830
-4952
12915
-29954
6838
-1154
36929
-43557
48375
37664
-38748
-8871
40291
-19703
32968
-30591
-45082
20459
44654
-40925
13763
23298
-32238
17509
35841
-8482
20616
-38055
6246
-7392
-30207
10892
13227
38356
20025
-2291
37904
23746
-8987
-41714
-5753
19707
44836
1320
8787
30699
-5111
18914
36422
-6528
-2184
-41053
8816
39966
3084
3833
31729
-3202
-14850
-26084
-34949
-23897
-29078
-24021
-42098
-37447
4159
-18476
43240
-13588
-38904
21672
-9294
-12985
40267
29566
35734
11302
41391
-41488
10321
32801
-25832
35839
26978
-13436
16732
-28434
-12453
-32320
-49158
-28382
-4173
35275
2325
-44480
-21755
48911
-39600
-44324
17283
-13390
32422
43771
-30627
36143
-7900
8060
-46059
21118
-223
-32460
-24670
16985
-29707
-4033
-36653
271
13865
-49609
18933
17690
20408
-43099
29132
-5825
-20559
33582
26208
29998
-8844
-23870
15126
29496
46910
-44681
36520
48114
-27134
30747
-35752
-26738
-10997
1944
16900
-30618
-38764
22049
-9183
35481
-19780
-44762
28443
47882
11734
-12358
17880
22290
12557
5934
39337
23897
-49857
-30095
-34334
-29851
15318
30051
-39918
-46586
-3128
13576
22069
-46157
47403
5688
-37240
-26038
-38723
-3382
35265
-17029
33271
9298
12477
38484
-13529
-22427
41132
-30777
-9175
1535
38935
13278
-35212
26965
44583
2384
-16857
29542
34005
-24937
-44547
-47371
-10094
-21527
20577
-40632
26555
-37377
-19185
42294
-48606
-44692
-7170
42427
-31231
1351
-43883
9018
-48671
-12340
2535
38584
32366
-38622
-38246
12536
-9712
-18534
-11843
-7487
3890
-13239
-8674
-35485
-20140
23939
-1253
49347
11453
-15813
-21316
-26485
-42103
1367
-33025
-19053
-3170
-34920
-8581
41650
-49518
-6421
18220
-17053
42395
-30852
-25289
23509
40949
42515
19155
43667
-3477
-16641
-38619
-28965
-13730
33328
26694
-2518
31900
-7317
-36097
18196
-10180
-8027
-11906
33365
-11184
47935
-31833
-21452
27412
-7669
49144
254
8888
14840
-4088
-18604
24489
4713
-3387
-29411
-27332
-41669
39356
-44780
-44505
33241
-42604
1587
-3145
12834
-10736
25759
-6979
-47012
3773
35250
20799
13428
4643
29554
-16990
-21367
-37963
-15112
37800
13601
-27591
46716
14567
-2161
852
4256
23316
-25654
37787
19569
38341
-5542
-31426
-21514
-39471
-44110
41139
-44018
42824
41810
49879
27771
-33039
-37384
-36096
-46296
-29166
-42669
37598
49697
-41304
-5535
17187
7898
22691
-15614
18177
1199
44874
-47885
-9417
-14223
4499
-5817
-4659
37556
44919
-36473
-18312
2123
3679
-667
-21475
-12760
24692
43529
-15322
-33458
-2437
34151
23915
8888
2890
43193
21036
-41484
27767
10727
21326
32354
45195
-31440
39631
-20521
-324
22816
3370
49034
15990
25393
13357
37435
-34192
-16896
1987
4115
32187
-23158
26398
28709
-13305
-36174
-34994
-6161
-14196
8990
10334
19790
1657
-9466
-37398
32486
44625
-21084
-23550
20482
43052
22949
38353
15117
48796
-37842
-39327
16298
-19421
-13239
5248
-46131
-49010
15519
27974
14446
11280
8303
7190
-18964
-21691
30354
38630
46481
-48126
13125
-29460
-10403
44074
-4161
-37094
-24074
18163
20088
-41830
-38859
-10657
17141
-30992
-35766
48583
-24402
49729
30533
27123
44408
-21564
7656
-11107
-40274
25728
7047
40227
-16664
-38046
46504
4668
-26242
-13192
41921
-31051
-11942
-1753
24788
40807
39372
-43206
29194
-160
47229
18236
32933
42245
-38404
-42876
-13972
44681
42249
6541
-14963
42955
-30361
-10577
-17272
42248
27079
35736
37937
-35129
17218
48534
-35975
11120
-13285
1645
31506
46891
21849
-29158
37797
-39856
14860
-35457
-33848
-33507
-44131
-38754
-7934
-9819
36472
13320
-13719
-47280
11518
-5134
-23494
-19612
29259
15170
37376
49159
-47582
17832
-12908
46349
10075
13123
-10522
-22467
-41988
-31440
-30330
-31491
8644
1602
32452
35460
-38681
47814
-10654
-17878
2552
-20518
39918
5512
6139
-30612
-19735
18470
-17098
-32316
38502
-10155
-11805
-42558
-6582
-43695
21204
5296
39241
15126
4180
-14883
-41512
1203
-49776
33262
-40961
6257
-14065
49699
-8935
17572
-28113
-41213
7693
21471
-48904
-6992
-35930
24997
-2641
-41019
3411
-24275
24533
40826
9775
16982
-6379
-39694
-9172
-421
-46240
5984
9740
41159
25559
8307
-25193
-48995
10383
-36253
-47171
-15377
9474
37005
-12231
23476
-14526
31345
-24811
4859
-24285
29543
22416
-5509
6726
33293
-29240
-11399
-42461
34674
-31308
18604
11565
23107
-33660
-47056
-9940
-8067
12398
-9337
-22026
29823
8728
-32488
19543
-14066
36271
-19934
-29144
3099
18976
34150
37220
-5995
-38801
-40328
32699
2091
10691
48910
-18933
4024
-33765
35443
36076
44314
26586
-36585
-48897
193
49574
30974
-42094
-16680
22569
46458
7866
-20859
-33673
-29154
-40754
9880
-21010
-9156
35679
46387
-22282
44964
11472
-45018
-34548
16707
-33793
-9848
15758
16261
17625
-693
-45049
-12234
-36156
41560
15394
-49241
-47147
-3566
-16052
1106
-32106
17817
-18034
44611
33866
48405
-29256
-15286
31941
-25748
30174
21261
-38438
-23451
-34659
-1877
-3235
25411
-46598
30699
47903
-21839
2079
-42113
-36014
15847
45471
28347
18930
37437
41350
-21562
-33987
30125
-21549
26899
21676
46944
-22915
49060
-8650
2403
23086
15980
43851
41036
25322
-38726
36388
48716
11423
-35917
-8210
-17055
-36988
-41243
30452
32288
12390
17019
33098
-13442
48688
-3794
27323
-49818
-32669
46679
-38278
-13082
42082
32750
-4677
26207
2759
17626
9268
37478
44857
44242
-17129
-34079
-34216
1319
21593
35303
-30378
-29913
-3159
39066
-46515
45720
28318
17594
364
38895
-614
-26348
-12358
-48305
15222
1043
37969
-48915
-44688
-5505
-20912
20829
23895
-47154
4677
27846
-3174
11938
-25204
48579
-26947
-29215
-27057
2114
-6918
-35100
-8051
31232
48716
-12168
-38602
27115
-11821
5545
14558
-23015
28553
-20923
-43679
-42294
-24187
-38663
4670
34393
27613
-49112
-21654
21689
37006
-9019
34524
-8749
-8286
36600
15860
-22534
-44702
35715
-22350
-22374
8519
38934
21891
43201
33212
-40784
-12743
12717
26877
213
44435
34542
3298
-31499
1015
37239
11905
18496
-48352
15811
17734
-37645
-28671
45858
14085
-18649
4478
-20871
-49723
39881
-18834
-39855
-17599
-25340
-30525
-35628
9927
7690
-24096
28829
-1802
-2031
16774
18857
25600
31640
-13801
43049
-32153
-29085
40768
-17931
-4536
-39073
-2391
-31412
-6389
26281
-6597
-18628
-47124
-46592
9435
49943
15428
49608
37626
-44621
-18365
-36791
7711
-43498
38059
-21471
-848
2414
-23505
13561
-25304
19713
14093
-29486
19424
-1107
3535
-10686
-39355
2077
-35047
18355
16296
-3554
46980
-27264
25471
3355
33023
-48497
-10815
-13690
30668
27402
-23818
49966
-19132
-7138
46509
-29593
-17687
38801
-38336
12870
-37094
-38129
-67
16475
-32376
5048
38032
48415
-13809
-21650
-5845
15067
6751
-42867
44461
4490
-37865
-8804
30414
42258
15108
-5023
-40863
-42381
-48917
8645
-45208
16859
-14257
-48030
35334
19839
-22133
-15336
1524
-12906
-20897
18326
-14040
3136
22440
-36351
1091
10308
32869
14318
-2011
4503
-37729
11702
-44909
-22677
44787
-37180
1813
15787
16308
32521
-11055
30342
9898
33493
33424
-20883
-29555
30567
45158
-86
-2849
-15252
45390
26212
16743
-45065
-25934
17164
-36105
-31742
28816
13519
-37073
-3649
-27258
-37651
-34517
24586
37261
-28198
-13087
48602
-41232
-32801
-44197
10519
31524
24252
27741
31979
-40341
-26565
29861
3987
14232
26076
-48
-36782
13715
-36764
-336
41962
12301
35961
-12388
18326
18607
31368
-2478
-6511
10700
-3548
-39989
-48662
34357
1733
5021
38958
24576
7080
25045
3963
4846
15879
-9250
35807
-22102
42851
-2289
20756
-9312
26799
36998
29900
45631
42458
-40017
-23697
-47170
-47317
-46462
28180
26212
-17211
17019
1508
21147
35315
8946
-5083
-32898
-30240
45720
22816
-15480
-35091
-49162
-18660
4938
-25869
-8892
18763
-46789
-46800
36346
-14466
-46662
33783
-6280
41174
-30144
-12805
14803
27633
-2017
11361
18678
5990
-451
9333
-47147
39555
21771
-20028
8574
-44044
-10586
40389
26854
-17631
40095
-37401
-21743
5148
-24523
-34777
7963
-13741
32879
41691
-25159
33357
17487
11509
38560
32066
13830
25096
1853
-31353
-32305
-452
-18666
-32932
-17363
28048
-40302
-48820
33892
10948
-40400
-14152
-35445
8792
-29110
-18555
12419
30867
-150
-26513
-43185
-3363
-46735
-10893
-49927
-21726
11353
987
31143
9873
-3327
-17970
12862
13062
25919
33102
35500
-40037
-44448
-20200
-17519
45394
-20517
30184
29671
-29707
-1101
43983
-26168
-5111
30736
33413
8132
-29657
37898
23250
29368
7758
29143
35114
-44269
-22440
-13357
-44612
-24419
8310
-49513
39747
46895
18231
6386
41883
7439
-1154
-28170
655
42845
-4775
21224
-33
7174
45414
12608
-22370
20416
42003
-27973
31474
38834
36921
-36555
-16836
-40974
-1467
7365
10565
46245
5513
-17665
-22339
5000
-4042
29897
41476
-45310
-33270
-4722
33314
5270
-10107
43946
8724
33855
-47870
-43809
-32548
6382
-32654
37205
-33969
31607
-41479
37605
1573
-18549
-45217
-20867
16689
-44609
8433
-41929
37839
-14843
28597
-13326
-21693
-17377
-21648
-27612
23669
-4720
34632
35259
-46081
-37026
24417
22798
1734
-43545
16111
-16463
-20215
-47085
12873
19812
-11704
-31560
30072
-14731
-14775
-39851
47374
-16750
36566
-41096
-21448
13758
15288
-25224
-3331
-8429
-44033
-3014
42980
38284
-2817
27831
39312
41652
47937
35756
1350
-45224
30950
-111
-39132
-9137
-28012
34022
-21849
-48431
-24670
-39115
44751
4223
-25428
39482
-31328
-23366
-28078
40129
25559
39680
11977
-16456
-1522
-48599
-12838
39538
7673
-30045
45690
36180
-41139
10898
-21133
2179
41790
49692
-20333
8022
-11561
-9117
-9226
35538
-20442
-29145
20854
-4689
46194
4451
-35317
31037
23895
-16910
2853
10748
-4961
41394
48431
16899
3743
45583
9483
-1899
37876
21427
24891
37678
-21864
-3873
48450
-10057
40126
-30294
37492
-47409
31662
-13290
-43338
16405
32843
-21750
35556
3066
-35372
18433
32589
31778
31573
-16759
-20860
7531
-9748
5954
-919
-16165
37474
2424
-23400
22576
-16182
44070
-48503
-40394
-11481
1497
39384
26180
11272
-49759
7795
-4546
-8857
-31703
-26060
-22431
-13667
26293
21655
43986
-33020
14281
42297
-13461
-13633
31069
-43325
24203
29342
13227
-37996
35965
-10558
43899
32575
-4378
7889
37761
36556
-40628
45740
-49150
1843
-41398
-6310
-28321
-41044
10664
9076
-3703
-44071
39437
-30864
7402
-2136
-43363
-41518
919
-37220
-7590
-42318
41914
-24808
26478
11186
20063
23604
-12013
35207
4748
42418
36078
23594
-21228
-8258
30663
2160
40181
34204
23371
-38791
-40438
45266
-7839
-28334
-13416
32635
6503
-7205
25679
28243
-6182
-13907
37100
-23312
-16629
43409
37786
-28271
20715
-32864
36568
10874
-28162
34363
-6164
25156
48578
-39805
-6217
-8338
-39088
-45393
-24650
494
41142
-28856
23089
29867
14650
3395
-8348
37793
-6776
-36074
46799
-34545
-42082
-19515
-4975
37606
21473
-37723
-32412
13313
-19426
49382
8051
-4589
-250
-41962
25941
-46100
15815
-12459
-35858
18560
-35867
26759
2224
48890
14655
-3996
47851
-19625
35679
-11462
28808
11321
-26665
-28373
-34505
7499
-26318
4597
-41179
-7227
20629
25756
30765
-29894
12663
15171
45506
-29999
-18020
-30891
17900
9868
38446
32251
-25867
11269
-28533
10486
-39992
16515
-9838
6083
-44016
43665
-10931
-6231
41385
-46522
-27378
619
32486
11551
11092
-1005
31821
-27712
-25875
-1229
-41663
-22472
40747
2112
26092
42061
-47203
-43287
-49533
-9390
-2447
1969
-24140
-20953
18593
44810
-33801
32479
8360
-2363
-6116
33040
-35342
-25760
18208
-3028
11441
-38052
-24941
35701
-11649
-38598
-17343
-37024
-13339
46442
39877
29151
-28892
38599
22769
32801
-23056
-24512
-5302
43843
40196
-28013
18199
14107
1096
-17394
-40644
-18336
40865
23300
-37905
44707
18039
32577
4722
41981
23156
-7991
-35256
-3325
-3769
48874
-37188
-9836
-497
1025
34306
-2000
30044
16711
31095
-40498
-8285
35266
-30020
-3439
18009
33463
24970
31295
-34168
7437
-27163
10468
-5320
-18562
43233
17060
24365
-11730
-15458
-15446
44498
-2622
-13993
-1737
-15195
-5795
-27865
24727
46148
-21781
34350
25807
-6897
11177
-23825
25817
13083
14594
41989
37149
34821
47690
-19770
25785
-35286
23467
-37437
10458
-11718
-23681
45313
8289
-16203
15690
15277
-12884
23949
-22142
-32043
-6003
-7963
32243
45578
-9404
10419
-26187
7655
-9592
-27710
10622
-32818
26926
-32170
-13349
-32749
-42768
26597
39310
45897
-27159
12647
-19878
-47264
-26160
-45407
-28061
-2503
-27208
37149
-19413
14300
44574
-22342
-26939
47060
-9505
26424
-27169
-34337
17199
-38741
-45707
29815
28376
-17749
-16308
-28366
-30634
13819
3167
-22508
-10358
11762
28921
-20027
41276
37048
5232
-30045
-18620
49877
-37166
-17838
7707
15729
47228
-11827
7782
4472
-2400
-35008
22050
33292
-37437
2452
35001
33363
8319
-12518
32408
5819
36795
36630
-39328
22165
-48796
9952
-49448
-49493
28005
6729
34586
-17607
43426
19025
-3077
17775
47301
9302
-25519
-20280
37168
43993
-35197
25465
-13998
-17785
19959
33494
-45251
-12308
-41582
45163
-7724
1273
4918
-11017
3782
23563
27143
-33031
-24859
21343
-957
-49297
12717
4143
-38060
4102
9045
-11146
25731
-1017
-44358
-4671
-305
-18437
-11044
28330
-31678
18922
31487
48877
-37055
3302
-17155
10915
46447
-26371
-8401
-155
-38878
-45500
2976
-2127
20919
21057
18537
-44899
15792
5610
26801
-32326
-12409
-18864
24229
49379
48085
43667
-27042
44276
-17966
14128
-19653
36417
-8416
-12201
4146
-26209
27004
35653
-40081
-13784
-20763
-45672
33429
42705
37137
5746
34691
-45539
-8341
39050
-11633
19298
-8064
6571
-19626
4028
-42460
45345
6179
-21334
-3374
20214
20625
-3423
35820
-45174
40679
20379
42505
-11168
-10727
-7393
-16886
-31312
-7031
48335
-6745
-20603
8032
-7089
-11426
-41533
24160
-1266
-18157
-3943
-13712
14182
15860
35552
42990
48273
43533
39491
27647
-14312
-13674
-44611
-46023
-17504
-28376
41458
22378
-40856
-46463
-10879
6358
32187
-12242
-39017
-18046
12876
30453
-10834
12239
-23327
528
-25392
10484
-19904
-23000
-9263
29396
-28564
-15221
2581
38100
4005
-10527
-362
25819
33568
-354
32133
-11437
45104
-28931
43811
-45861
-17717
30229
-40450
1659
17187
41118
44064
46810
10047
-3354
-21246
38536
-41727
-5190
36855
37734
-783
-7367
43976
7064
-1635
-18493
8188
45556
19262
-26951
-32212
41286
-7480
46564
-49235
7782
20937
-29015
22810
35107
9075
-35030
27964
-33499
31431
-15432
41058
-29821
5846
-30696
48321
-3524
-17845
26767
-20680
-36462
48131
41577
-9111
-45129
24162
-18214
-5355
-49580
-15388
-5098
-21226
36421
25883
-3749
4024
-2291
-21405
34550
-10161
-36830
40456
47096
-46958
-4245
2623
40280
37469
-47767
33034
35490
6183
-44340
-39655
-42375
-22679
12183
-10540
1787
-13095
12069
36431
19718
8650
-43539
44210
27802
-23548
13850
-3077
-22825
43460
20652
-47709
17373
-38054
-20896
-4731
37783
44530
-771
15814
-34434
10935
-2218
33875
-46996
-21218
-40388
33854
4521
11960
-43999
-44828
35506
40342
24960
-46455
-16985
19036
43655
9929
-14320
35803
35786
22007
2708
-22775
-33230
40214
-10480
-23013
6579
-43648
-47232
17972
-35986
-25518
-12658
11016
15554
41412
-16376
-9173
11040
-35507
22395
-41966
40514
-7658
16564
-36
-35487
-35889
-5388
-42892
11973
-2646
-45855
-19439
-2026
14811
6073
-25148
-10099
5935
-41282
12828
-31990
14858
-43434
-48104
-625
-3081
-2695
-21445
17323
-16900
4660
16870
17930
38945
40703
46028
-6318
40258
8512
-4019
-39947
-39046
2031
-14270
2328
6148
-36929
-11653
32997
-26290
23973
-47396
36839
-16946
26562
34892
29727
-19186
-29788
-29613
-41542
-44406
-33663
11914
26739
14504
-20342
-47117
45641
17580
-44864
-21064
37503
-43916
-41886
47691
-40530
-17635
-26834
34632
3903
42500
-31525
-41249
6954
47440
-34012
-22790
14047
1542
6905
-41270
-23171
35789
-12510
-18674
-3113
40793
293
-38938
28564
4183
23597
23799
46431
3605
-13652
-42832
-39805
-12611
-42949
-36905
27252
29310
-17599
-13019
14231
-41257
-27642
30417
36435
48037
-29920
29257
190
26641
-837
-48860
-24498
36808
29571
-27410
48417
7158
45314
18423
47776
-25091
871
48572
39227
9431
-335
37871
-42153
17710
-24916
32942
47647
-22281
7219
9510
13618
5526
-12680
34426
-18822
-38209
22483
-47436
-4712
-32872
13797
-10695
-11
-7881
39288
-40944
798
-13333
25692
49977
32257
-42814
3710
-34104
-11361
-36211
5257
-46485
937
15847
-45297
11961
49867
16391
5813
48109
-27894
-5044
26829
-41392
29203
-9940
10630
-12063
-39161
-13172
12389
-42724
15981
-14572
-4392
33730
12214
34982
12913
-24292
-22745
33052
7960
47968
-42529
-1536
-20972
39951
-45199
24515
17639
44032
-8370
5960
-36392
-12650
44118
-36174
45839
-32250
21350
-20355
21732
-3230
39070
-23724
-43275
-44790
-28025
33982
14236
3527
47338
40785
-33489
47301
-32361
36869
5132
6146
28787
33025
18129
-15803
-3653
9638
34895
-10129
-39008
-6354
41694
-38743
-6994
18363
-42654
-24267
13210
-28413
35668
-44011
-25882
-28536
-47593
-44309
-42725
6201
39353
-47291
-30315
17278
36742
45565
-26149
-48084
48875
-28239
4791
-3974
14728
-47091
-11064
-26114
23979
36651
8213
10123
-21548
-40263
17021
9200
28173
-21528
-4311
34573
16590
35037
30124
-23181
-5121
-16720
13798
15491
33971
15356
8198
30503
-40908
-9883
-19557
-46894
-10607
16539
-41751
-5595
-12127
-25134
-41743
-27108
-16850
8671
-41302
42058
19000
658
14650
12760
-91
-11605
1526
-23345
-10225
5198
-30931
47302
-19718
49857
33021
-41767
-45291
-30274
-43394
-2744
-8096
-12576
27353
-12149
-19202
-35201
-30546
21698
21932
-25287
38273
1249
12183
-40749
-45426
-43689
-44784
12890
17201
-31139
-23269
49668
25893
-21818
5838
8210
-23579
-7092
2603
-26066
-37132
-27437
33274
18169
-34165
-29331
11023
48978
-31468
-12196
-19086
15751
-48370
2347
-17551
-5076
-17181
-37871
-32325
-20420
-43005
12010
-48919
15202
-26
-12744
-23020
-32836
45169
-3045
-43674
-7210
-26879
12463
-7120
-27539
30088
-10441
-38326
8250
-38076
-23650
32810
-23132
43338
-13197
17862
-43749
24054
-10138
-593
4380
1117
46536
-17761
36437
-38124
-15759
40716
12326
-843
-21410
49760
45035
-31137
-43022
22276
42632
18165
-17718
-4837
11943
-37755
1240
-8967
19243
21757
45992
44221
-31478
47605
13505
22717
-11461
21046
-36709
21806
-40006
34172
20583
-16780
2375
32303
3240
31428
36409
6756
4227
-19043
-18265
24351
20780
-12308
49758
-13281
-47396
-37266
45294
-36103
17776
24816
163
26411
-44560
-46602
27046
-21520
797
-1101
35613
-45158
-28775
-21340
43251
-3381
-13647
-28908
-38640
47555
-29660
11558
32747
-36251
-26898
-25055
-25467
638
31476
39085
480
-14357
-45593
-30087
29431
-14193
6992
46567
35198
44208
35188
-26780
-8773
13207
16297
31343
3064
-14761
-47626
-6045
-31225
16363
37420
28839
22193
-9889
4786
43174
48437
28115
-18976
8276
-20448
-46761
30120
26769
-6750
-17978
38930
-49301
30000
11454
47997
13900
6039
-44609
14182
22197
23576
4562
-2689
-2869
-34261
-40024
-21085
-7842
500
30681
-26269
20331
-6388
27077
-8086
-18063
-33049
-36249
-8605
-20070
-39501
-33105
30888
28798
38682
-8945
-7993
-14721
-39372
18401
-29832
19495
-19593
38609
30354
33918
24291
-12284
-3935
-5153
-32249
-2067
-34131
-19471
23073
-24216
-48613
10306
38594
-22655
-35974
41042
38466
-9469
20564
-21010
48694
-43624
-20858
11104
-16456
-26365
-31875
687
-39075
-21854
17977
-5301
8551
17635
-37728
-34227
40473
-11496
32406
-37372
-48636
-39632
22745
17094
12490
-9437
23293
-43775
-7208
-20001
13726
-24011
-15823
7310
23420
47971
25445
4460
45038
-1461
-43645
32827
27211
5817
-33433
9360
-29674
22105
9635
44126
-21194
-23377
13061
35491
25990
25815
-15039
22516
10335
30028
-8305
-28421
34098
20631
-21901
5166
31419
21902
22050
-38061
-10233
38451
44034
-4819
42575
-29443
-5651
22016
-36433
215
22866
-4397
-37675
34532
-39451
38961
1191
29488
40714
-33885
770
5317
-33356
-34897
19973
-31725
-35059
-17659
11011
4424
-25596
23819
-46993
-47889
41807
26393
-19087
-8849
-17587
49534
-22026
-34575
-12690
-15833
3284
21395
-43213
38076
11528
-12543
-34407
29765
-29973
-4193
9180
18131
18270
16955
-47505
-46755
23146
35225
4265
27197
20731
-12267
1840
5898
-3288
28211
2310
22954
21109
1147
18117
-14431
-17735
28058
-31815
-48502
-7503
21788
-9076
-49718
-15062
33083
39585
8300
-2528
-8950
46551
-45404
-41166
-13929
5444
42848
41628
1813
47409
34023
-30688
34362
-37837
49400
42288
49044
-10501
-12016
-46537
-37277
48371
-34587
-5829
46445
-46866
49242
-44994
-3433
-41579
44642
-14355
10083
3022
-30770
15723
-429
-15044
16874
22084
-46788
-39660
-35074
-43384
29049
44497
33174
8920
-25524
41625
614
29628
24567
-24885
-9146
11452
-8317
-42731
44365
19569
-41293
-47170
40726
44430
-19625
-23917
-6456
-21022
-7814
-22399
-33654
-27176
-21915
-34640
15348
19971
9174
28673
20434
15181
3368
48783
-4296
9906
-42782
39147
31881
-28031
-22277
47491
-37548
12903
40708
18780
-33967
37486
37050
-40269
-14580
-47372
17581
-31982
-14857
-20280
-49407
1718
27144
-15813
16489
33418
-26237
21283
-42319
35741
-46243
35045
-37675
-36011
-4403
27631
-6515
48594
-13722
-43085
42756
12637
33691
-27077
42904
1206
-399
11355
23341
-11672
-34757
35622
-39332
21974
-5422
-31208
-233
-49323
-32389
-22001
-7420
-2518
-30253
-3439
-16770
-31526
-7435
-28014
-30456
-34773
-2838
-1414
-34594
26488
-12355
-17106
-26709
16646
-25384
18538
21579
-14907
7964
-37658
18851
43
-39569
34235
36058
-39089
11171
24226
-1570
-48278
26472
-11299
32995
-857
-43856
-6185
20603
39574
-43963
3379
19746
43593
-9702
45010
44314
-21889
-24043
-30264
-15315
-27837
37516
11069
44281
-26042
40817
-7343
42380
-10418
16478
24062
-43268
19076
-44231
6839
43750
-37423
39109
-6083
-18274
32891
9186
-7935
3353
4897
43696
-39383
-9981
-34857
37836
-16398
-7103
31004
-10529
-30853
-18777
33601
21422
43427
-32726
37011
-10091
10469
29654
30194
47579
-20859
-9231
29336
-24431
-19070
36529
-45625
16092
36076
49268
47216
-41912
-16611
38651
-49379
-35614
3983
10489
-1626
-28496
43255
19194
30838
-32070
-3639
-41058
9656
-31276
-37040
10700
-41588
-30195
-48137
35535
2812
14252
-41781
-16390
-35210
40402
-34709
29692
32417
-44902
-14955
-39331
49379
-41485
1433
-19147
-3324
46752
-15165
-36449
40370
-23935
-19120
-46130
-25178
34161
23154
22039
38304
-4825
-17879
-44209
-31800
6217
32382
3323
49165
-36526
38262
42467
-15776
5217
23312
-21590
38289
17262
41665
-20123
17101
17388
7119
-5491
15604
31016
-2549
28305
-8044
-37547
14994
27974
13496
6384
-27863
24482
-41742
4497
12167
21971
30821
11091
18024
5480
21562
-8592
-7132
-43987
-41654
-4004
18759
-49759
46590
-6288
-13791
44418
-41913
28272
41525
-40879
31592
5156
34776
-7679
7426
13898
13425
-13252
-17484
44746
-7402
22570
41034
-36366
38811
49026
-2797
20977
-12460
12647
44698
34689
-15413
25431
-8342
29619
36959
-23375
-43828
20962
14086
-49230
-45595
15656
20250
-7464
857
37980
38996
30754
45322
21732
43525
33036
-40719
32206
-5050
14068
3164
-38235
-1534
30433
-1307
-26724
-30004
-44578
45501
-19714
-35205
39139
29322
23527
32888
-12217
-13946
-2807
-10497
48845
16712
-12699
-2588
-47363
-29061
10905
23025
45631
2972
27462
-40527
-29564
16632
46910
-3354
26901
24136
42089
16664
36339
2920
-3327
-14273
17311
32013
-43002
30550
9566
-30452
-3386
-48315
14098
-4638
112
-18901
49466
-32405
36902
13921
14382
-9323
-46357
-1212
9726
34345
17055
41406
35709
47407
15808
24071
-43108
27456
25425
44805
-35152
7855
-37623
10475
-42355
28375
43401
-34579
14017
40672
-27727
-6244
13992
-29196
23256
-2126
9022
37093
-40479
-38970
-2509
39073
36322
-20186
25832
-11363
39205
37276
17612
23263
49201
-6871
12373
587
45771
-15303
-48541
22755
26266
21882
46304
11869
591
37836
-41422
-6706
18625
41888
27107
19548
7141
28769
-38283
9961
26942
29741
3503
29872
-31442
-1629
14024
25763
-33800
-2767
-5147
15212
31616
14159
-14932
16702
34492
22290
45735
-34752
29182
-33297
-34557
-30997
-32771
-46974
-30439
-46166
-38636
35427
-39469
11570
1115
-14962
43060
9640
30248
29431
4723
-18908
18867
-47327
-30898
42570
-14103
-29250
17510
-10061
34151
32214
-47427
25679
24038
2829
-40765
-22776
27041
23379
26973
-43005
16846
-25259
3490
-37399
18070
49366
29183
24036
29911
-34237
37052
39901
-2765
29385
-29654
-9068
46645
-11426
34581
-20592
15867
-11296
-49757
13834
14120
-25632
-13668
-6991
-15623
-30978
32683
-23757
16937
47445
-18856
-28657
-12528
1640
-46557
35808
26821
32044
14215
14378
-39710
-9098
-31381
-12088
28719
-18480
13139
-22351
36119
23333
-29903
46087
30175
8084
-30878
-2965
33818
8264
42197
30957
-17616
-4890
29603
24559
13074
-23412
-49138
15485
1486
-28772
32440
-18097
45976
23211
16239
-36208
-19371
-49126
-40884
38227
11779
-48253
-48826
1166
1401
14650
-21508
11970
26889
46178
21797
-8685
45228
16088
27543
-45677
35365
29267
-30027
20340
30098
-45030
11216
-14925
-24380
15945
47762
-27457
-16857
-15957
31819
30447
-3677
34638
49715
11840
8387
48961
-44496
21607
33801
48222
-29831
2869
28214
-31633
-27497
13940
38987
-47239
-13559
41623
14649
-12051
46598
-46421
-25084
-15591
-43475
49271
-19458
31143
2848
44210
-17169
8877
-18931
-10096
-4478
-43147
47630
37500
-28712
16458
14203
-22823
22867
925
45935
-42248
43119
-39921
22065
-29305
18318
9133
10620
5331
6809
-32743
29262
30965
-20785
11583
37328
-11749
-22499
-1300
40420
-3083
-17230
42981
33051
-43034
-49476
13625
23345
32038
-26171
-37242
35971
5378
21057
-29758
-31099
46828
40597
-20410
32446
-39306
-2934
-6804
15593
-2666
15731
-33615
-18537
-11906
21478
32857
-15336
48785
-8086
-46506
-36707
-24235
9255
49368
-49826
45142
47337
-14584
32523
8440
-3774
29850
20689
-27622
16003
39186
-27294
-49889
33292
-22814
16186
-34906
35708
23840
-10386
9408
9659
-40708
2775
5932
4286
18900
-24335
12719
-31710
41107
23507
-16457
-45943
-32035
9183
27958
-31542
20196
-34027
-24184
26197
-9446
34296
8726
32582
30739
26789
33910
11380
-32924
40027
7856
-21004
-9533
23389
-6339
28231
32121
-7943
36912
-34608
-28521
29595
27008
10032
42223
38863
-36931
-21065
30678
-15688
-13949
-9917
21513
-18179
18100
-5198
-45869
-12512
-4127
38910
-49980
48172
47274
-13123
2635
25089
-6704
-36828
23254
-41607
13388
-12816
-9122
-17075
10514
-44273
42730
-26287
-28468
-45499
-40197
-3427
-29464
-26197
-23320
43251
18073
-25653
48231
-10836
-44551
21236
23886
-12136
-15319
20429
-11306
32216
45393
19758
38883
17328
-32426
27430
-49678
-20859
-47338
20144
-42269
-23136
10843
-11393
-6203
-16393
-29792
-9363
23452
-14062
-31865
16249
-14891
-28289
33928
-47608
371
41953
40400
-11608
2525
-38897
-35330
6053
-22028
-1327
-1309
1334
-16433
2334
-49107
-33223
23198
41003
-25671
7769
45604
-16723
4686
-5442
-31113
2286
-41966
-34193
-47869
42610
-40706
-28750
-6207
-27283
-30748
-29080
24740
12874
8794
45470
-34335
42935
7219
37108
-20943
-13730
12483
38728
-19602
11417
-49486
-39518
-49627
-7484
14030
20421
-17124
36571
-13068
17236
24941
22424
-43666
28396
34808
-34856
48663
-12826
-19095
-18002
26372
35441
-38777
23882
-5505
-25886
-18286
18002
26826
-5498
21765
47801
-16975
42581
14367
-28294
-17488
-28216
555
-6039
-10137
-9816
25607
-18263
-45441
-1354
49495
-9770
47341
-4530
-15889
-21189
-20347
49533
-47515
26989
48112
-8851
-18068
30252
43929
-2788
-19121
22112
-17964
8006
-48888
-44530
-16310
22307
20093
-16996
49278
33707
8395
-789
29648
43450
-30774
27746
-15425
-34454
-26903
20147
-33819
22199
-19634
-49013
-44982
5457
44721
-27549
-41781
42196
-25488
33495
36359
39776
-9879
21659
-26190
-10890
-10987
-26255
-2372
-26173
48137
24354
21419
-898
32818
-16306
-11592
-42461
36024
22243
-41747
-26147
35762
-33468
45386
22805
36837
35448
37180
-46994
47145
-517
-16619
22320
-34903
-538
9531
-41658
-19802
-12900
-26881
-36553
-34068
-33360
49476
-33310
-17858
39042
34866
-49262
-30788
6451
34265
40792
17106
-18539
-17369
13545
-28540
-38410
-44483
-4452
-3612
9336
-46765
-44790
11675
43034
37633
26526
8019
25046
46024
-15124
4729
10354
11748
35744
32635
31888
37158
-24887
48774
20390
-41164
682
24443
21608
-12306
-7421
-27146
-39514
30270
-41048
-19121
-1432
-31718
11241
17920
42970
28486
9156
40234
35424
-31101
-7045
37296
8105
12095
37079
7857
-21679
28301
-48445
17362
16988
16782
-46870
-21539
-45852
34491
32993
11870
-9599
32888
-2967
37485
44909
37501
41862
19411
29183
-15274
-36734
-18181
22028
-38332
-21569
30535
36494
36550
46464
30175
-29553
3152
-49232
655
7300
47252
-36016
-11648
25897
49846
7004
-48766
-20047
-19486
6431
23996
31158
-41426
20424
13003
-29102
-26148
30320
1057
27379
-30051
27887
-44285
45917
-21436
46796
-22677
-19057
7425
705
-49189
276
22382
-19468
14482
-14314
-16076
39813
7358
41899
29982
13405
-29959
-42278
-45591
-44025
-14186
-14058
-31684
21306
10926
27925
13149
31448
49070
-7039
-1599
-32345
48896
-43782
-41040
28275
4204
-27877
-21811
-46213
16212
3635
-30441
13146
-9637
-13569
30385
-42785
32909
4228
-45803
5943
-9200
35939
-6013
-17070
16290
866
17602
-1081
-22458
-41791
7152
3340
23496
-17913
-8472
42397
14074
-37907
40437
-30716
-44463
-6351
-27055
19330
49014
7971
4764
-27851
-10612
-22478
-33464
19968
-16093
-21086
25492
25126
20022
-22824
34980
-27981
34067
-26266
-30609
-29972
5444
-36087
19071
1619
-9472
45729
19369
-11978
-10419
-26455
-14733
27647
4039
-49934
-12828
171
23259
-25249
30073
-10087
27496
10926
-5844
21551
-4641
-231
3284
-21812
45849
19947
21609
38052
-16045
3501
-7061
49137
22577
-10058
33677
-18528
1858
36961
-6371
-16995
14390
16501
46069
30690
28346
13079
-26333
34808
-38494
-3649
27642
6029
16506
-31268
-1380
3844
3183
-95
41620
46605
47098
-2922
-46245
-10079
-37795
11206
45095
-9642
28866
-8425
-46642
-42529
5027
34716
19107
26142
-17339
49611
38752
-24569
7931
1653
19575
-17155
-19212
-29193
-35875
-30201
-7760
43410
-22893
24217
-15474
-231
36359
39385
-17638
-39979
-33899
-29644
-21655
1677
-15077
15942
-25882
-25056
48297
48360
-41152
-10786
9573
8356
9596
41488
38498
38829
12575
20855
-46072
-48314
-38126
-20755
35923
-9829
48610
-25264
7816
20414
-49063
-34187
-48494
-41564
-48137
-13683
16566
6045
39880
-24006
-31306
21641
11523
-38207
9096
5827
15516
-43027
-43909
-34316
-22478
22241
28360
32810
16435
-19402
38665
-33137
32198
19689
500
-24631
-28163
-16915
17806
-46033
-46889
-10296
-15046
-42676
-1556
-46823
-29000
33142
40615
-11896
-26273
6983
17696
17013
43591
35742
20747
36803
-45733
49480
12763
-14610
19529
7128
23549
34802
-8267
-44054
-16559
-49746
-17280
2930
-1278
30649
-14100
-18803
-6132
44196
-14337
3817
44772
-42098
-24096
-26674
-41517
-12041
29620
27692
18682
24554
22105
-46967
18948
-1908
-14130
44284
35136
-15354
13173
34589
30367
-7054
25441
31762
-30097
-39841
-13944
-15858
27957
-3521
-40698
39756
14134
22930
-29981
26121
19899
4000
-27724
-29617
33353
35228
32052
-39231
-2963
20413
-47319
3155
-1325
9756
-32932
-33594
16265
-5654
20707
4718
34091
3480
-896
-28158
31838
-41714
-10266
30105
-34020
3991
663
-44351
27005
-2883
-17570
14755
-47218
-34403
-21368
40567
3844
1883
29840
-26938
29531
-19301
9631
24288
16350
8919
422
-19224
23995
37769
-34717
-30040
18337
-27424
-33717
4418
-48435
-31164
39539
31449
-15987
35907
26237
48058
39350
-46458
102
37488
-39736
12886
-40545
-41294
48766
-42012
35101
21866
27890
-40471
-17213
42298
41613
-18054
-12051
-24838
-42204
23750
-28057
-20179
38897
48061
-48903
41345
-1292
29494
16260
4099
-48378
2510
21690
-7774
-42200
-26529
36336
-42114
-39027
-42526
23763
-38063
48267
38513
31906
-16306
11790
26475
9259
-33148
16212
-8578
17423
1827
37548
-869
-47544
-887
-31066
1572
36286
31851
-37009
-21414
-18263
-46065
-12970
-8289
-40623
11293
14032
2390
-42881
30662
16439
25839
31369
33439
17149
13190
-34107
19256
-31919
-21563
32093
11542
48035
34305
-39997
-16795
-28652
31727
47921
-20790
45815
5311
-7820
-45592
-44129
48837
4271
-38479
-30221
-25505
14434
-10957
27883
-1205
-13046
-9207
40307
-47638
-41303
249
-7059
-22565
-9732
42048
32989
40773
-46646
43760
-11904
43274
25645
-7189
-46312
-24442
41879
24475
-21720
-24170
-36525
13951
-16044
-47983
-28180
-43769
9733
32252
-18061
15270
10147
42236
-32116
6864
12788
-47059
10441
-6289
-36048
44949
-41130
35234
-5146
3595
33950
-9030
17598
-48410
-10788
36675
-35794
42187
-14511
-12148
-28380
-13331
-48258
41124
1807
16865
30384
-25434
36065
-4490
-45288
-25260
-20533
46980
11583
34034
-45934
-9280
25398
-3984
20323
-15979
-27052
-47254
48382
-23639
-40192
-14991
8036
33104
45193
-37277
-23014
-1067
21210
48069
37304
-10843
4005
-14652
26848
31894
7979
13500
43357
-27298
-13121
10129
-38994
-317
19708
-16897
-36950
35926
45052
26761
29311
2837
-19567
-25906
-28647
49191
34715
49911
-17846
20733
-44166
-8014
-47947
-16842
-40335
30280
39083
-24589
3496
15755
28880
-2125
-1843
2995
46188
-14346
49897
-14723
17848
-20263
-27221
-37407
-33172
-32722
26336
40043
-38270
39347
33871
-40020
26826
-19155
-34337
31464
-18425
-47995
-12041
24795
11712
43252
10114
-25907
6934
-3012
-23285
11054
-7
19925
22101
-10581
6989
49863
-32142
3247
48451
-15986
25409
12466
-42563
13193
41946
-18717
19327
31954
-35318
-45271
-49698
19565
39448
-43739
20189
-35282
23557
-48682
23876
-5343
44080
-9758
-35326
-40906
45193
-23085
-34796
-6838
18900
19168
11380
43535
13748
26325
48747
19960
15392
14228
19357
-29854
-297
5327
-42594
-23656
-20808
22518
31068
10399
935
-22701
-23148
-23636
-45800
32791
48776
-36980
-27863
19293
-36748
-346
-17981
-3371
2360
-22907
1071
38983
-33316
-27284
20911
-49024
-276
35981
-49744
19554
23372
-13914
-1875
-5759
33347
-41551
-6035
-11017
9586
-26026
-3231
22785
-10156
28652
48979
26709
-35181
18931
13491
-47267
-4644
6900
-40358
-48802
-43620
13945
21898
-22317
27197
26163
22127
-9006
-33428
-40000
-33487
43062
25248
48137
38866
-15310
11582
-27996
-12025
31928
32059
-17863
45588
12048
-18092
22594
-23410
-9573
-18816
-4254
22117
-31902
-31624
49144
17384
-49434
6427
10364
49347
-9323
-2851
2574
3518
48343
17138
-15328
49922
-31205
1043
12154
43550
-12037
-22127
-25223
21158
49258
-28114
42557
14127
36151
-41596
-11340
49271
3937
10410
15779
23186
-47981
-2898
-2137
-25764
7033
45353
23921
-9015
-45978
-42550
43177
5212
-21119
-16992
-43946
-40080
-662
-31546
49075
30583
-38639
8705
2105
48419
12750
-19431
40800
-28768
-10941
38114
43072
2248
17997
-2627
11573
21471
-32597
-36876
-11964
33706
-44862
-17182
-1104
-20660
-3845
37743
3942
-49897
29496
-47725
12049
-36252
26144
-3736
23172
-49465
28674
-37514
14695
-10976
-14691
30531
24024
34592
-24768
-30573
38263
9678
-32210
4679
-26555
41260
24769
-27305
27724
-20605
-1655
-18467
-42265
459
30635
-16929
35504
39445
-19105
-8044
44400
-44345
-27780
1190
35577
3626
36301
-40163
31826
-7090
-15616
-36910
24031
44415
39732
27369
33280
24977
5177
-37075
26828
10461
-36908
-22857
9989
-25576
-27348
-8137
6580
26626
-36830
-37449
-49050
20913
21114
-45084
22369
37056
-16707
-11204
39805
-2055
-870
-8361
-25513
35287
43121
-3053
-1702
-13470
-47145
17638
46184
-12779
-2300
1177
-2225
-15990
16595
-45358
11634
-44552
-7856
30948
19982
31233
28762
15485
-33360
-38043
12830
4490
37110
-34748
17605
-37758
-18085
17406
-31239
2445
-38209
-13059
-45827
7171
-5125
46463
46631
18055
-37533
13878
42483
-19762
-42759
36091
35346
-31099
10353
41153
29844
-15246
23284
7840
-12357
-13030
4291
-40360
24372
-32807
44515
-36127
-37039
899
34792
39506
-12841
